1942    1 2.38000                         
1942    2 2.39000                         
1942    3 2.37000                         
1942    4 2.36000                         
1942    5 2.36000                         
1942    6 2.32000                         
1942    7 2.36000                         
1942    8 2.36000                         
1942    9 2.36000                         
1942   10 2.35000                         
1942   11 2.35000                         
1942   12 2.36000                         
1943    1 2.32000                         
1943    2 2.34000                         
1943    3 2.37000                         
1943    4 2.35000                         
1943    5 2.32000                         
1943    6 2.32000                         
1943    7 2.30000                         
1943    8 2.33000                         
1943    9 2.35000                         
1943   10 2.35000                         
1943   11 2.37000                         
1943   12 2.38000                         
1944    1 2.38000                         
1944    2 2.38000                         
1944    3 2.37000                         
1944    4 2.37000                         
1944    5 2.37000                         
1944    6 2.37000                         
1944    7 2.38000                         
1944    8 2.38000                         
1944    9 2.37000                         
1944   10 2.37000                         
1944   11 2.38000                         
1944   12 2.39000                         
1945    1 2.39000                         
1945    2 2.28000                         
1945    3 2.28000                         
1945    4 2.22000                         
1945    5 2.22000                         
1945    6 2.13000                         
1945    7 2.12000                         
1945    8 2.15000                         
1945    9 2.15000                         
1945   10 2.08000                         
1945   11 2.03000                         
1945   12 2.00000                         
1946    1 1.91000                         
1946    2 1.88000                         
1946    3 1.91000                         
1946    4 1.93000                         
1946    5 2.03000                         
1946    6 2.01000                         
1946    7 2.01000                         
1946    8 2.08000                         
1946    9 2.15000                         
1946   10 2.13000                         
1946   11 2.13000                         
1946   12 2.12000                         
1947    1 2.09000                         
1947    2 2.12000                         
1947    3 2.12000                         
1947    4 2.13000                         
1947    5 2.14000                         
1947    6 2.15000                         
1947    7 2.14000                         
1947    8 2.10000                         
1947    9 2.11000                         
1947   10 2.15000                         
1947   11 2.23000                         
1947   12 2.33000                         
1948    1 2.45000                         
1948    2 2.43000                         
1948    3 2.41000                         
1948    4 2.41000                         
1948    5 2.36000                         
1948    6 2.36000                         
1948    7 2.38000                         
1948    8 2.42000                         
1948    9 2.43000                         
1948   10 2.45000                         
1948   11 2.43000                         
1948   12 2.41000                         
1949    1 2.38000                         
1949    2 2.34000                         
1949    3 2.33000                         
1949    4 2.32000                         
1949    5 2.32000                         
1949    6 2.31000                         
1949    7 2.21000                         
1949    8 2.19000                         
1949    9 2.19000                         
1949   10 2.20000                         
1949   11 2.19000                         
1949   12 2.18000                         
1950    1 2.21000                         
1950    2 2.24000                         
1950    3 2.26000                         
1950    4 2.26000                         
1950    5 2.24000                         
1950    6 2.24000                         
1950    7 2.27000                         
1950    8 2.27000                         
1950    9 2.29000                         
1950   10 2.32000                         
1950   11 2.30000                         
1950   12 2.32000                         
1951    1 2.32000                         
1951    2 2.34000                         
1951    3 2.44000                         
1951    4 2.44000                         
1951    5 2.48000                         
1951    6 2.54000                         
1951    7 2.50000                         
1951    8 2.53000                         
1951    9 2.53000                         
1951   10 2.50000                         
1951   11 2.57000                         
1951   12 2.63000                         
1952    1 2.68000                         
1952    2 2.67000                         
1952    3 2.65000                         
1952    4 2.56000                         
1952    5 2.54000                         
1952    6 2.58000                         
1952    7 2.58000                         
1952    8 2.67000                         
1952    9 2.69000                         
1952   10 2.72000                         
1952   11 2.69000                         
1952   12 2.75000                         
1953    1 2.79000                         
1953    2 2.82000                         
1953    3 2.91000                         
1953    4 2.99000                         
1953    5 3.11000                         
1953    6 3.16000                         
1953    7 3.08000                         
1953    8 3.07000                         
1953    9 3.02000                         
1953   10 2.88000                         
1953   11 2.88000                         
1953   12 2.82000                         
1954    1 2.74000                         
1954    2 2.67000                         
1954    3 2.63000                         
1954    4 2.61000                         
1954    5 2.68000                         
1954    6 2.60000                         
1954    7 2.55000                         
1954    8 2.55000                         
1954    9 2.59000                         
1954   10 2.59000                         
1954   11 2.60000                         
1954   12 2.62000                         
1955    1 2.69000                         
1955    2 2.76000                         
1955    3 2.74000                         
1955    4 2.82000                         
1955    5 2.78000                         
1955    6 2.81000                         
1955    7 2.91000                         
1955    8 2.96000                         
1955    9 2.93000                         
1955   10 2.85000                         
1955   11 2.88000                         
1955   12 2.91000                         
1956    1 2.90000                         
1956    2 2.85000                         
1956    3 2.93000                         
1956    4 3.07000                         
1956    5 2.97000                         
1956    6 2.92000                         
1956    7 3.00000                         
1956    8 3.16000                         
1956    9 3.23000                         
1956   10 3.22000                         
1956   11 3.31000                         
1956   12 3.42000                         
1957    1 3.37000                         
1957    2 3.22000                         
1957    3 3.27000                         
1957    4 3.33000                         
1957    5 3.42000                         
1957    6 3.64000                         
1957    7 3.62000                         
1957    8 3.65000                         
1957    9 3.64000                         
1957   10 3.71000                         
1957   11 3.52000                         
1957   12 3.22000                         
1958    1 3.17000                         
1958    2 3.22000                         
1958    3 3.20000                         
1958    4 3.07000                         
1958    5 3.10000                         
1958    6 3.16000                         
1958    7 3.34000                         
1958    8 3.56000                         
1958    9 3.68000                         
1958   10 3.75000                         
1958   11 3.68000                         
1958   12 3.77000                         
1959    1 3.90000                         
1959    2 3.90000                         
1959    3 3.91000                         
1959    4 4.04000                         
1959    5 4.14000                         
1959    6 4.13000                         
1959    7 4.12000                         
1959    8 4.13000                         
1959    9 4.28000                         
1959   10 4.18000                         
1959   11 4.15000                         
1959   12 4.36000                         
1960    1 4.46000                         
1960    2 4.28000                         
1960    3 4.13000                         
1960    4 4.23000                         
1960    5 4.19000                         
1960    6 3.99000                         
1960    7 3.83000                         
1960    8 3.78000                         
1960    9 3.79000                         
1960   10 3.87000                         
1960   11 3.92000                         
1960   12 3.87000                         
1961    1 3.89000                         
1961    2 3.80000                         
1961    3 3.78000                         
1961    4 3.78000                         
1961    5 3.73000                         
1961    6 3.87000                         
1961    7 3.91000                         
1961    8 4.02000                         
1961    9 4.01000                         
1961   10 3.99000                         
1961   11 3.98000                         
1961   12 4.04000                         
1962    1 4.09000                         
1962    2 4.12000                         
1962    3 4.03000                         
1962    4 3.90000                         
1962    5 3.90000                         
1962    6 3.91000                         
1962    7 .                               
1962    8 .                               
1962    9 .                               
1962   10 .                               
1962   11 .                               
1962   12 .                               
